   7.0743835e+01   8.3071783e-01   1.4255959e+02   8.0523328e-01   9.8157639e+01   7.9316185e-01
   2.1651435e+02   8.2244415e-01   2.0573770e+02   8.1288821e-01   1.4914212e+02   7.9719201e-01
   1.2945537e+02   8.2795718e-01   2.9183099e+02   8.0551214e-01   8.4862726e+01   8.0182271e-01
   1.2111046e+02   8.2966464e-01   2.6443363e+02   8.1041285e-01   1.1972856e+02   8.0154985e-01
   1.6491638e+02   8.1686973e-01   2.3797868e+02   8.0499469e-01   1.3435342e+02   8.0755852e-01
   1.0030507e+02   8.2296790e-01   1.7404405e+02   8.0728391e-01   1.0150340e+02   7.9573771e-01
   1.1577971e+02   8.2649115e-01   1.5979358e+02   8.1919525e-01   1.3086504e+02   7.9018356e-01
   9.9595096e+01   8.2129505e-01   2.5003939e+02   8.0897198e-01  -1.0183343e+01   7.9310611e-01
   1.4421248e+02   8.2232460e-01   2.7880034e+02   8.0374825e-01   1.4438956e+02   7.9099372e-01
   2.4426773e+02   8.1668115e-01   1.6815840e+02   8.1304374e-01   1.8916725e+01   8.0015764e-01
   1.3747808e+02   8.2564507e-01   1.6013451e+02   8.1143663e-01   8.7925580e+01   7.9541950e-01
   2.1992860e+02   8.2828683e-01   2.3266353e+02   8.0960685e-01   1.5940224e+02   7.8871088e-01
   1.8433404e+02   8.2486006e-01  -2.5989928e+01   7.9551162e-01   6.1007133e+00   8.0350943e-01
   2.0092265e+02   8.2234500e-01   1.3595485e+02   8.0083577e-01   1.3788590e+02   7.9402885e-01
   1.6746128e+02   8.2371098e-01   1.7799204e+02   8.1317786e-01   1.2448071e+02   8.0258126e-01
   1.5840509e+02   8.2082658e-01   1.9683155e+02   8.0770287e-01   1.9090770e+01   8.0250908e-01
   1.8120476e+02   8.2079734e-01   1.1213034e+02   8.0984309e-01  -2.4570804e+01   7.9629719e-01
   9.8751914e+01   8.2742456e-01   3.2313207e+02   8.2230345e-01  -9.1870146e-01   7.9657485e-01
   2.0720188e+02   8.1715877e-01   2.3353699e+02   7.9967249e-01   5.1450816e+01   8.0343616e-01
   1.7726569e+02   8.2489359e-01   1.0277880e+02   8.0715950e-01   1.7383551e+02   7.9607236e-01
   2.3591162e+02   8.2421039e-01   1.0670960e+02   7.9582114e-01   1.1408276e+02   7.8762135e-01
   1.8516593e+02   8.2346323e-01   1.5735129e+02   8.0876545e-01   1.2823884e+02   8.0907091e-01
   9.7072969e+01   8.2380452e-01   1.5220233e+02   8.1496167e-01   9.2150993e+01   7.9630159e-01
   2.1737423e+02   8.2225128e-01   7.9316659e+01   8.0531536e-01   1.3027822e+02   7.9884369e-01
   2.0906759e+02   8.3016477e-01   2.3331998e+02   8.0227291e-01   3.3688806e+01   7.8670250e-01
   2.2397286e+02   8.2464710e-01   2.4534107e+02   7.9698201e-01   1.7741067e+01   7.9121892e-01
   2.1449716e+02   8.2689605e-01   2.3182435e+02   8.0060020e-01   1.7436813e+02   7.9121541e-01
   1.7335989e+02   8.1831071e-01   1.3413891e+02   8.0726251e-01   1.6594484e+02   7.8523163e-01
   1.9599657e+02   8.2631433e-01   1.7285150e+02   8.0988621e-01   7.3152448e+01   7.8930002e-01
   1.1649180e+02   8.2625726e-01   1.5044069e+02   8.0694030e-01  -1.3281270e+01   7.9114650e-01
   1.4410375e+02   8.2668275e-01   1.1913521e+02   8.0195719e-01   1.6526606e+02   7.8906132e-01
   1.7925729e+02   8.1907388e-01   2.5152946e+02   8.1611809e-01   2.4326367e+01   7.9560046e-01
   1.6782005e+02   8.2201453e-01   2.1645085e+02   8.1254335e-01   1.0140685e+02   8.0534336e-01
   2.5659686e+02   8.2625927e-01   1.6599446e+02   8.0472029e-01   6.0149869e+01   8.0155328e-01
   2.1379646e+02   8.2898875e-01   1.5564637e+02   8.0990112e-01   1.2275545e+02   7.9792822e-01
   1.4000500e+02   8.2657683e-01   1.3633189e+02   8.1208509e-01   1.7256550e+02   7.9156345e-01
   1.5440245e+02   8.2413156e-01   1.8144853e+02   7.9856313e-01   1.4671994e+02   7.9672842e-01
   1.4930686e+02   8.2244220e-01   2.4905261e+02   8.1220845e-01   1.0263213e+02   7.8444429e-01
   1.6361619e+02   8.1688480e-01   1.7098838e+02   8.0438480e-01   7.8605386e+01   7.8805231e-01
   2.4983507e+02   8.3098616e-01   2.1118102e+02   8.0697810e-01   8.9186849e+01   7.9813217e-01
   2.7430506e+02   8.2612111e-01   2.1715091e+02   8.1311922e-01   1.3082907e+02   7.8708854e-01
   1.9703490e+02   8.2657434e-01   1.0610393e+02   8.0828239e-01   7.4018935e+01   8.0092520e-01
   1.6536601e+02   8.3495222e-01   2.9302373e+02   8.0862479e-01   1.3363461e+02   7.9921278e-01
   1.7976891e+02   8.2757898e-01   1.2646148e+02   8.0716939e-01   1.4363260e+02   7.9894164e-01
   2.0964703e+02   8.2265369e-01   2.2646351e+02   8.1319042e-01   8.5272269e+01   7.8722109e-01
   1.5783036e+02   8.1434728e-01   8.8493859e+01   8.0597477e-01   7.3385128e+01   7.9679877e-01
   1.2228674e+02   8.2045421e-01   1.7132628e+02   8.0908858e-01   6.4604823e+01   7.9124382e-01
   1.1557598e+02   8.3164481e-01   7.9476620e+01   8.1644758e-01   1.3351691e+02   7.9146195e-01
   1.5101119e+02   8.1644875e-01   8.6552259e+01   8.0369381e-01   8.6305053e+01   8.0425116e-01
   1.8074880e+02   8.2172736e-01   2.0633279e+02   7.9519756e-01   8.5291828e+01   7.9280756e-01
   1.9662454e+02   8.1784203e-01   1.8080719e+02   8.0484454e-01   8.6228828e+01   7.9919607e-01
   1.9681155e+02   8.2422448e-01   2.6841845e+02   8.1140804e-01   6.4139486e+01   7.9996197e-01
   1.3893071e+02   8.2723151e-01   1.4251755e+02   8.0938680e-01   2.2004432e+02   7.9718744e-01
   1.8332388e+02   8.2310818e-01   2.9570990e+02   8.1320195e-01   6.8765743e+01   8.0063993e-01
   1.7929654e+02   8.2867019e-01   1.7133696e+02   8.1827814e-01   1.2276537e+02   7.9668858e-01
   1.7876063e+02   8.2179862e-01   1.6694520e+02   8.0906115e-01   7.9530410e+01   7.9050761e-01
   1.9327991e+02   8.3313412e-01   1.8092684e+02   8.0794316e-01   7.1536013e+01   7.9387256e-01
   1.6970018e+02   8.3200647e-01   1.9656471e+02   8.0966612e-01   6.1252907e+01   7.8935902e-01
   1.5378862e+02   8.1576197e-01   2.2451931e+02   8.0125450e-01   1.0086078e+02   7.9017120e-01
   1.7202149e+02   8.2267723e-01   2.3447316e+02   8.0917629e-01   3.8543880e+01   7.9625410e-01
   1.6445039e+02   8.1949684e-01  -9.6086822e+00   7.9853209e-01   9.8928661e-01   7.9229849e-01
   1.5262907e+02   8.2407911e-01   8.2351366e+01   8.0087804e-01   6.2584216e+01   8.0131692e-01
   1.9769846e+02   8.2081674e-01   2.4181944e+02   8.1820440e-01   1.4951942e+02   8.0067529e-01
   6.6550829e+01   8.1908319e-01   2.1993491e+02   8.0364512e-01   1.5398580e+02   7.9595529e-01
   1.2544482e+02   8.2704578e-01   2.6463852e+02   8.0189163e-01   9.7507097e+01   8.1270198e-01
   1.4825287e+02   8.1749965e-01   2.4949037e+02   8.0746593e-01   1.2286330e+02   7.9155883e-01
   3.9810516e+01   8.2726403e-01   2.0539218e+02   8.0668256e-01   1.7262431e+02   7.9703315e-01
   1.6101428e+02   8.1979354e-01   1.0359623e+02   8.0750019e-01   4.6515834e+01   7.9756745e-01
   1.8206957e+02   8.1807426e-01   1.9651527e+02   8.1632158e-01   6.4216007e+01   7.9102638e-01
   2.6237837e+02   8.2725667e-01   1.1366976e+02   8.0408810e-01   1.1124101e+02   7.9472453e-01
   1.1220606e+02   8.1828660e-01   2.7988585e+02   8.0832770e-01   5.6969266e+01   7.9791608e-01
   9.2651478e+01   8.2922251e-01   1.4813288e+02   8.0526830e-01   1.0664602e+02   7.9881840e-01
   2.2907106e+02   8.2276680e-01   9.9727539e+01   8.1695318e-01   3.1507190e+01   7.8930443e-01
   9.7153156e+01   8.2810691e-01   2.1643907e+02   8.0574460e-01   9.8941441e+01   7.8502555e-01
   1.6107555e+02   8.2054299e-01   2.4829338e+02   7.9961920e-01   7.7247042e+01   7.9919822e-01
   1.5384037e+02   8.2235081e-01   7.6402402e+01   8.0749959e-01   1.3408945e+02   8.0012862e-01
   2.0429158e+02   8.2076541e-01   1.9092306e+02   7.9837687e-01   2.5152138e+01   8.0187890e-01
   1.3558757e+02   8.2242869e-01   1.6233433e+02   8.0279490e-01   1.2310878e+02   7.9070011e-01
   6.4433182e+01   8.2810498e-01   9.2620199e+01   8.0718584e-01   1.2639693e+02   7.9941192e-01
   2.2221731e+02   8.2470305e-01   1.0518425e+02   8.0822376e-01   1.4850668e+02   7.9539830e-01
   1.0922658e+02   8.3040659e-01   1.8355406e+02   8.0241341e-01  -2.4385945e+01   7.9348703e-01
   1.3571927e+02   8.2044643e-01   1.7806113e+02   8.1089230e-01   6.1666365e+01   7.9487494e-01
   1.8469976e+02   8.2196157e-01   1.3423949e+02   8.0135009e-01   1.0181642e+02   7.9861673e-01
   2.3069719e+02   8.1846373e-01   1.7488140e+02   8.0374704e-01   5.3159074e+01   8.0119596e-01
   2.0119638e+02   8.2382882e-01   2.2247197e+02   8.0871002e-01   6.5018959e+01   7.9520081e-01
   2.6876941e+02   8.2565082e-01   2.0078740e+02   8.1028700e-01   1.1079550e+02   7.8580696e-01
   1.7646810e+02   8.2646725e-01   2.7197387e+02   7.9841214e-01   1.6767173e+01   7.9184082e-01
   1.7886379e+02   8.2949171e-01   1.9709425e+02   8.1116013e-01   1.0617249e+02   7.8432448e-01
   2.0032368e+02   8.2654197e-01   1.6723380e+02   8.0130575e-01   1.5409958e+02   7.9578163e-01
   1.3830388e+02   8.2657446e-01   1.5964417e+02   8.1181687e-01   7.4246616e+01   7.8411425e-01
   1.2659104e+02   8.3035544e-01   1.5050725e+02   8.0529930e-01   1.6917478e+02   7.8916735e-01
   1.2357735e+02   8.2896583e-01   1.1505068e+02   8.0933704e-01   8.9862529e+01   7.9760880e-01
   2.4061247e+02   8.2842499e-01   1.5538801e+02   8.0714496e-01   4.5343010e+01   7.8794544e-01
   1.6741367e+02   8.3123768e-01   1.7206062e+02   7.9998948e-01   9.3597475e+01   7.9809382e-01
   1.9435884e+02   8.2837586e-01   1.3423149e+02   8.0977825e-01   8.5959090e+01   8.0194287e-01
   2.1373277e+02   8.2881688e-01   2.1101687e+02   8.1270334e-01   1.4663820e+02   8.0549545e-01
   1.0151892e+02   8.1966154e-01   1.5056704e+02   8.0836439e-01   1.5187709e+02   8.0002535e-01
   7.6921896e+01   8.2188498e-01   1.7006005e+02   7.9888417e-01   6.1256610e+01   7.9255417e-01
   1.2317025e+02   8.2162601e-01   1.8969265e+02   7.9783465e-01   1.3190257e+02   7.8671319e-01
   9.7346554e+01   8.2254017e-01   1.8831570e+02   8.0973425e-01   8.4551465e+01   7.9269993e-01
