   9.3073822e+01   8.4220148e-01   1.0345795e+02   8.2106375e-01   5.2126552e+01   7.9313732e-01
   1.1682077e+02   8.2871183e-01   9.1276414e+01   8.1371921e-01   3.6182912e+01   7.9515529e-01
   1.0467490e+02   8.3761893e-01   1.1307496e+02   8.2603711e-01   8.6228723e+01   7.9665434e-01
   1.2737576e+02   8.3142005e-01   1.1798070e+02   8.2101334e-01   4.4185852e+01   7.9012144e-01
   1.3375302e+02   8.2726863e-01   1.1850642e+02   8.1882372e-01   5.5402375e+01   8.0397685e-01
   1.1643721e+02   8.3353481e-01   7.5723776e+01   8.2000131e-01   7.4429622e+01   7.9469354e-01
   1.0883029e+02   8.2661087e-01   7.6000190e+01   8.2092251e-01  -3.6358019e-01   7.9100037e-01
   1.4040316e+02   8.3818938e-01   1.0488857e+02   8.2246196e-01   4.6227424e+01   7.9954635e-01
   1.5549639e+02   8.3738571e-01   1.0117541e+02   8.2222168e-01   3.8841669e+01   7.9818547e-01
   9.3357396e+01   8.2992521e-01   1.0201782e+02   8.2590257e-01   5.1876485e+01   7.9657151e-01
   1.2076930e+02   8.3019912e-01   1.2310254e+02   8.2239131e-01   3.3617456e+01   7.9548153e-01
   1.2039228e+02   8.3709685e-01   8.2542715e+01   8.2472101e-01   1.3912481e+01   7.9656028e-01
   1.1044293e+02   8.3258895e-01   9.7407516e+01   8.2216655e-01   1.0443843e+02   7.9666068e-01
   1.4952971e+02   8.2549307e-01   1.0691691e+02   8.1431038e-01   7.0809304e+01   7.9648749e-01
   1.3230445e+02   8.2835267e-01   9.0107253e+01   8.2497498e-01   6.8551983e+01   7.9828495e-01
   9.7498561e+01   8.3857958e-01   9.8443966e+01   8.2584400e-01   6.1667407e+01   7.8911652e-01
   1.0198672e+02   8.3292540e-01   8.7326671e+01   8.1787005e-01   9.5396774e+01   8.0530086e-01
   9.5292005e+01   8.3739023e-01   8.4490079e+01   8.2291555e-01   4.8624192e+01   8.0360744e-01
   9.1872562e+01   8.2505424e-01   1.1632088e+02   8.2094394e-01   8.3297667e+01   8.0272101e-01
   1.7513073e+02   8.3116070e-01   1.3447565e+02   8.2293883e-01   3.2102490e+01   8.0091584e-01
   1.1224841e+02   8.2642230e-01   1.4358230e+02   8.1994782e-01   7.0404597e+01   7.9521252e-01
   1.3140155e+02   8.3672881e-01   1.2266569e+02   8.0904433e-01   4.3446213e+01   7.9420335e-01
   1.2530413e+02   8.2623444e-01   1.3389934e+02   8.2133682e-01   2.5200494e+01   7.9152214e-01
   1.2925052e+02   8.3797342e-01   1.0568256e+02   8.1898578e-01   8.3400710e+01   7.9475729e-01
   1.4068669e+02   8.3510817e-01   1.2452104e+02   8.2196585e-01   1.3830279e+01   7.9843479e-01
   1.5922444e+02   8.3142965e-01   1.5880250e+02   8.2249423e-01   6.1319168e+01   7.9728603e-01
   1.3691616e+02   8.2935793e-01   9.8714490e+01   8.2783234e-01   3.9282823e+01   7.9256952e-01
   9.4235614e+01   8.2718684e-01   1.5220063e+02   8.2125086e-01   3.5892391e+01   7.8706536e-01
   8.4228942e+01   8.3756262e-01   1.4490367e+02   8.2890149e-01   2.6403541e+01   7.9289651e-01
   1.3095611e+02   8.2944780e-01   1.0338439e+02   8.2185947e-01   9.1895413e+01   7.9865325e-01
   1.5449449e+02   8.3398450e-01   8.5756717e+01   8.2337988e-01   1.8699220e+01   7.9115258e-01
   9.9806435e+01   8.2563173e-01   1.1222267e+02   8.3366573e-01   6.4156820e+01   7.9482084e-01
   1.2286284e+02   8.2774929e-01   1.1089439e+02   8.2220159e-01   7.9628904e+01   7.9429297e-01
   8.8099168e+01   8.3206452e-01   1.3608802e+02   8.1767330e-01   7.0745348e+01   7.9365982e-01
   1.1137160e+02   8.2904204e-01   1.1782080e+02   8.1541939e-01   1.1315320e+01   8.0155063e-01
   1.2593237e+02   8.3087142e-01   7.3629909e+01   8.1124011e-01   4.8960180e+01   7.9062077e-01
   1.2742695e+02   8.3667396e-01   1.0476785e+02   8.2876555e-01   1.1614203e+01   7.8800033e-01
   1.1757740e+02   8.3380699e-01   1.2691409e+02   8.2486985e-01   5.8843197e+01   7.9434780e-01
   1.1032439e+02   8.2926429e-01   1.0924335e+02   8.2323669e-01   6.6820997e+01   7.9188799e-01
   8.5384312e+01   8.3189249e-01   1.2068637e+02   8.2849779e-01   5.9833710e+01   7.9713783e-01
   1.0957706e+02   8.3620120e-01   7.0448121e+01   8.2885263e-01   6.2775566e+01   7.9317759e-01
   1.3631688e+02   8.2683852e-01   8.0563913e+01   8.1235074e-01   6.9568551e+01   7.9311634e-01
   1.3634794e+02   8.3088969e-01   1.0329601e+02   8.2350117e-01   6.9741118e+01   8.0308074e-01
   1.2876084e+02   8.2799112e-01   5.0642616e+01   8.2010493e-01   5.4030938e+01   7.9593914e-01
   1.0777655e+02   8.2987590e-01   1.1511766e+02   8.2469066e-01   3.0945691e+01   7.9749771e-01
   9.2955455e+01   8.3396438e-01   1.4668351e+02   8.1526493e-01   1.2193436e+02   8.0556529e-01
   1.3432824e+02   8.2621244e-01   7.4905034e+01   8.2636710e-01   6.8997863e+01   8.0245430e-01
   7.0978657e+01   8.3436380e-01   9.0102658e+01   8.2132750e-01   3.3896248e+01   8.0353731e-01
   1.0396718e+02   8.3255605e-01   1.6625322e+02   8.2563060e-01   4.4393434e+01   7.9261597e-01
   1.0012503e+02   8.3581663e-01   1.0965849e+02   8.2641300e-01   8.9213360e+01   7.9594122e-01
   1.1234777e+02   8.3147253e-01   1.2926872e+02   8.1934073e-01   3.6544743e+01   7.9341773e-01
   1.1882008e+02   8.3531507e-01   1.0668963e+02   8.2675657e-01   8.2367977e+01   7.9999821e-01
   9.9555599e+01   8.3213362e-01   7.6005334e+01   8.3530705e-01   8.2343004e+01   7.9547681e-01
   1.2907902e+02   8.3101903e-01   1.1266067e+02   8.3423279e-01   5.8523103e+01   8.0134763e-01
   1.3603841e+02   8.2898672e-01   5.6971223e+01   8.2373478e-01   7.0525561e+01   7.9885322e-01
   1.4944452e+02   8.3133682e-01   6.4217702e+01   8.1952759e-01   5.3931475e+01   7.9177495e-01
   1.2781251e+02   8.3986306e-01   9.8240564e+01   8.2125784e-01   4.0958078e+01   7.9932195e-01
   1.5761283e+02   8.3481822e-01   1.0863475e+02   8.1887271e-01   5.8743448e+01   8.0776146e-01
   8.7671812e+01   8.2912391e-01   6.3087881e+01   8.2534477e-01   6.4226875e+01   8.0807647e-01
   8.5102001e+01   8.3329314e-01   1.0094632e+02   8.1789183e-01   6.5321658e+01   8.0090828e-01
   1.1116304e+02   8.3398082e-01   6.5062536e+01   8.2029046e-01   9.4014917e+01   7.9532162e-01
   1.2781148e+02   8.2894159e-01   1.0176736e+02   8.1671556e-01   7.1703138e+01   7.9676746e-01
   1.0493475e+02   8.2924965e-01   5.5216504e+01   8.2159314e-01   3.8614125e+01   7.9821803e-01
   8.2487850e+01   8.3494867e-01   1.0394723e+02   8.1858532e-01   4.7722784e+01   7.9186379e-01
   1.0090023e+02   8.3633692e-01   1.1208437e+02   8.2683126e-01   5.9163202e+01   7.9572444e-01
   4.8099192e+01   8.3537383e-01   1.1651539e+02   8.1978777e-01   3.6372694e+01   7.9425931e-01
   1.2585953e+02   8.3171009e-01   7.4692912e+01   8.2498597e-01   4.1803464e+01   7.9524377e-01
   1.0213589e+02   8.2721702e-01   1.2046951e+02   8.1392250e-01   3.3360452e+01   7.9839141e-01
   1.4708304e+02   8.3366824e-01   1.1167094e+02   8.3019893e-01   8.1439996e+01   8.0451164e-01
   1.1419544e+02   8.3093157e-01   7.9678573e+01   8.1044694e-01   3.7190079e+01   7.9226507e-01
   1.0579825e+02   8.2589469e-01   1.1302020e+02   8.2139760e-01   9.2811487e+01   7.9229454e-01
   1.1104283e+02   8.3563147e-01   1.4655130e+02   8.1277731e-01   3.0469497e+01   7.9668201e-01
   1.1131894e+02   8.3063342e-01   1.3158768e+02   8.2177566e-01   7.0268582e+01   8.0027197e-01
   1.5674990e+02   8.2647845e-01   1.1393059e+02   8.1403021e-01   8.0519823e+01   7.9852145e-01
   6.5172201e+01   8.3121237e-01   1.5162387e+02   8.2534343e-01   7.7905450e+00   7.9146819e-01
   1.1657317e+02   8.2913477e-01   9.7301776e+01   8.2656524e-01   2.7466218e+01   7.9667001e-01
   7.8239703e+01   8.2883395e-01   1.0233917e+02   8.2346285e-01   8.9110193e+01   8.0469000e-01
   1.3708998e+02   8.2603707e-01   1.0956887e+02   8.2111935e-01   5.0224691e+01   7.9229906e-01
   1.2605987e+02   8.3435637e-01   1.0734684e+02   8.2397924e-01   3.5967718e+01   7.9823430e-01
   1.0440699e+02   8.3093187e-01   8.3757221e+01   8.2230618e-01   3.5415402e+01   7.9429198e-01
   1.1923919e+02   8.3214118e-01   8.7987930e+01   8.2248423e-01   5.9272714e+01   7.9366729e-01
   9.9362578e+01   8.3660943e-01   1.0483805e+02   8.2620637e-01   7.7360074e+01   7.9589832e-01
   1.2712806e+02   8.3950924e-01   1.2177589e+02   8.2112124e-01   8.2334863e+01   7.9958783e-01
   7.3488676e+01   8.3635481e-01   1.0284099e+02   8.2143716e-01   7.4876089e+01   7.8949470e-01
   9.6005104e+01   8.2976586e-01   1.1627063e+02   8.2575217e-01   5.4932524e+01   8.0577615e-01
   1.1156174e+02   8.3166196e-01   1.5056422e+02   8.2386191e-01   6.2116109e+01   7.9659126e-01
   1.4347689e+02   8.3223896e-01   7.3834524e+01   8.1872281e-01   5.5463802e+01   7.9205962e-01
   1.0760650e+02   8.2141416e-01   1.2998095e+02   8.2251469e-01   8.5508560e+01   7.8577614e-01
   1.2228870e+02   8.2566973e-01   8.9853323e+01   8.1503243e-01   4.9592558e+01   7.9858344e-01
   1.3603654e+02   8.3286835e-01   1.2454148e+02   8.2464070e-01   4.9935057e+01   7.9138906e-01
   1.1756538e+02   8.3117724e-01   8.7909659e+01   8.2874030e-01   3.1725450e+01   7.9798918e-01
   9.2810513e+01   8.4617441e-01   1.3242126e+02   8.1864496e-01   5.4247001e+01   7.9770681e-01
   1.0349586e+02   8.3772193e-01   8.5997723e+01   8.2226439e-01   6.5570936e+01   7.9836010e-01
   9.2931377e+01   8.2957189e-01   8.4003805e+01   8.2939662e-01   5.0910717e+01   7.9532429e-01
   8.4605361e+01   8.3727013e-01   6.3968820e+01   8.3008767e-01   6.1411958e+01   7.9697016e-01
   6.8420511e+01   8.2936302e-01   1.2776961e+02   8.2721201e-01   7.2777700e+01   7.9122551e-01
   8.9903964e+01   8.3230048e-01   1.5034077e+02   8.1314739e-01   4.7267010e+01   7.9488964e-01
   9.3626893e+01   8.3271196e-01   1.0480255e+02   8.1645455e-01   4.8838547e+01   7.9944234e-01
   1.2938008e+02   8.2786492e-01   8.3850912e+01   8.1984652e-01   3.9150545e+01   7.9044424e-01
   1.0052498e+02   8.2791784e-01   5.8293762e+01   8.2557863e-01   4.4440928e+01   8.0232775e-01
