             NaN             NaN             NaN             NaN
             NaN   4.2253521e-02   5.6338028e-03   6.7605634e-02
             NaN   4.7887324e-02   8.4507042e-03   9.0140845e-02
             NaN   5.0704225e-02   5.6338028e-03   6.7605634e-02
             NaN   2.8169014e-02   2.8169014e-03   5.3521127e-02
             NaN   5.9154930e-02   0.0000000e+00   7.6056338e-02
             NaN   6.1971831e-02   0.0000000e+00   4.7887324e-02
             NaN   4.7887324e-02   2.8169014e-03   6.4788732e-02
             NaN   6.4788732e-02   2.8169014e-03   7.3239437e-02
             NaN   6.1971831e-02   2.8169014e-03   6.1971831e-02
             NaN   3.9436620e-02   0.0000000e+00   5.9154930e-02
             NaN   5.6338028e-02   5.6338028e-03   4.7887324e-02
             NaN   4.2253521e-02   2.8169014e-03   6.4788732e-02
             NaN   2.7042254e-01   8.4507042e-02   1.1549296e-01
             NaN   2.5352113e-01   1.4366197e-01   2.7042254e-01
             NaN   2.2535211e-01   1.4366197e-01   2.9859155e-01
             NaN   1.5774648e-01   1.8873239e-01   3.4366197e-01
             NaN   1.4366197e-01   1.7183099e-01   4.1690141e-01
             NaN   1.3239437e-01   1.4929577e-01   4.1690141e-01
             NaN   1.0422535e-01   1.2957746e-01   4.2535211e-01
             NaN   9.2957746e-02   1.1267606e-01   3.7746479e-01
             NaN   1.2112676e-01   7.8873239e-02   3.2394366e-01
             NaN   1.3239437e-01   5.9154930e-02   2.6760563e-01
             NaN   1.0985915e-01   5.9154930e-02   2.5633803e-01
             NaN   1.1830986e-01   4.5070423e-02   2.4788732e-01
